[[0,12,34,18,56,45,34,78,45,23,43,23],
[12,0,22,23,45,12,76,34,23,78,55,34],
[34,22,0,32,67,45,89,34,56,23,45,23],
[18,23,32,0,45,78,34,76,34,23,87,45],
[56,45,67,45,0,67,45,34,90,12,34,22],
[45,12,45,78,67,0,22,12,65,32,56,23],
[34,76,89,34,45,22,0,34,65,34,23,56],
[78,34,34,76,34,12,34,0,32,56,23,67],
[45,23,56,34,90,65,65,32,0,54,23,45],
[23,78,23,23,12,32,34,56,54,0,34,23],
[43,55,45,87,34,56,23,23,23,34,0,78],
[23,34,23,45,22,23,56,67,45,23,78,0]]