
hard_matrix_1 = [[0,20,12,15,6,13,15,32,23,14,7,12],
               [20,0,12,13,14,12,10,43,23,14,63,23],
               [12,12,0,54,23,85,32,12,3,87,23,12],
               [15,13,54,0,23,11,34,12,23,12,8,55],
               [6,14,23,23,0,12,34,22,6,23,12,56],
               [13,12,85,11,12,0,12,23,45,2,78,11],
               [15,10,32,34,34,12,0,23,12,6,34,12],
               [32,43,12,12,22,23,23,0,12,11,32,12],
               [23,23,3,23,6,45,12,12,0,12,34,11],
               [14,14,87,12,23,2,6,11,12,0,94,15],
               [7,63,23,8,12,78,34,32,34,94,0,12],
               [12,23,12,55,56,11,12,12,11,15,12,0]]

cable_vector_1 = [(0.15,10),(0.3,25),(0.6,55)]
cost_tuples_1 = [(0,0,0),(90,200,100),(45,100,75),(110,250,220),(65,130,70),(95,110,70),(110,100,95),(200,300,250),(150,250,230),(60,100,40),(75,120,110),(60,110,100)]

hard_matrix_2 = [[0,34,12,56,13,65,34,34,78,98,45,23],
                 [34,0,12,45,23,65,45,43,87,30,22,34],
                 [12,12,0,30,23,45,34,69,56,43,54,76],
                 [56,45,30,0,65,45,7,34,67,43,67,89],
                 [13,23,23,65,0,9,45,78,34,65,34,34],
                 [65,65,45,45,9,0,96,45,67,34,23,79],
                 [34,45,34,7,45,96,0,30,60,23,70,70],
                 [34,43,69,34,78,45,30,0,90,200,45,50],
                 [78,87,56,67,34,67,60,90,0,56,34,56],
                 [98,30,43,43,65,34,23,200,56,0,65,79],
                 [45,22,54,67,34,23,70,45,34,65,0,23],
                 [23,34,76,89,34,79,70,50,56,79,23,0]]

cable_vector_2 = [(0.2,15),(0.4,45),(0.5,70)]
cost_tuples_2 = [(0,0,0),(55,110,105),(45,150,100),(60,180,180),(45,130,110),(55,200,120),(60,140,100),(75,190,170),(60,200,190),(100,300,280),(70,140,100),(65,100,105)]

hard_matrix_3 = [[0,12,34,18,56,45,34,78,45,23,43,23],
                 [12,0,22,23,45,12,76,34,23,78,55,34],
                 [34,22,0,32,67,45,89,34,56,23,45,23],
                 [18,23,32,0,45,78,34,76,34,23,87,45],
                 [56,45,67,45,0,67,45,34,90,12,34,22],
                 [45,12,45,78,67,0,22,12,65,32,56,23],
                 [34,76,89,34,45,22,0,34,65,34,23,56],
                 [78,34,34,76,34,12,34,0,32,56,23,67],
                 [45,23,56,34,90,65,65,32,0,54,23,45],
                 [23,78,23,23,12,32,34,56,54,0,34,23],
                 [43,55,45,87,34,56,23,23,23,34,0,78],
                 [23,34,23,45,22,23,56,67,45,23,78,0]]

cable_vector_3 = [(0.2,20),(0.3,35),(0.5,60)]
cost_tuples_3 = [(0,0,0),(60,120,110),(70,140,130),(50,120,140),(20,100,120),(80,100,100),(40,200,180),(80,120,200),(90,200,220),(100,200,230),(55,130,140),(60,140,150)]

hard_matrix_4 = [[0,10,40,23,20,34,23,78,90,12,34,23],
                 [10,0,45,23,65,34,87,23,45,78,34,56],
                 [40,45,0,45,23,45,76,45,23,67,89,45],
                 [23,23,45,0,45,23,45,65,34,84,27,94],
                 [20,65,23,45,0,56,32,68,23,74,23,65],
                 [34,34,45,23,56,0,67,24,64,23,13,64],
                 [23,87,76,45,32,67,0,34,12,55,87,27],
                 [78,23,45,65,68,24,34,0,95,10,23,65],
                 [90,45,23,34,23,64,12,95,0,45,24,54],
                 [12,78,67,84,74,23,55,10,45,0,43,34],
                 [34,34,89,27,23,13,87,23,24,43,0,45],
                 [23,56,45,94,65,64,27,65,54,34,45,0]]

cable_vector_4 = [(0.3,15),(0.4,40),(0.5,65)]
cost_tuples_4 = [(0,0,0),(45,100,95),(55,200,205),(75,210,200),(80,160,170),(55,200,120),(30,100,120),(60,130,170),(70,150,190),(30,60,70),(40,165,100),(60,120,105)]

hard_matrix_5 = [[0,10,20,40,80,160,320,640],
                 [10,0,10,20,40,80,160,320],
                 [20,10,0,10,20,40,80,160],
                 [40,20,10,0,10,20,40,80,160],
                 [80,40,20,10,0,10,20,40],
                 [160,80,40,20,10,0,10,20],
                 [320,160,80,40,20,10,0,10],
                 [640,320,160,80,40,20,10,0]]

cable_vector_5 = [(0.7,200),(10,10),(20,30)]
cost_tuples_5 = [(0,0,0),(200,200,1000),(200,200,1000),(200,200,1000),(200,200,1000),(200,200,1000),(200,200,1000),(200,200,1000)]

hard_matrix_6 = [[0,10,40,160,640,2560,10240,40960],
                 [10,0,10,40,160,640,2560,10240],
                 [40,10,0,10,40,160,640,2560],
                 [160,40,10,0,10,40,160,640],
                 [640,160,40,10,0,10,40,160],
                 [2560,640,160,40,10,0,10,40],
                 [10240,2560,640,160,40,10,0,10],
                 [40960,10240,2560,640,160,40,10,0]]

cable_vector_6 = [(0.3,200),(10,10),(20,30)]
cost_tuples_6 = [(0,0,0),(200,200,1000),(200,200,1000),(200,200,1000),(200,200,1000),(200,200,1000),(200,200,1000),(200,200,1000)]

